{"label": "国旗 神圣不可 侵犯 ， 不知 从 什么 时候 开始 纵容 身披 国旗 作秀", "title": "马拉松 递 国旗 事件 ， 中国田协 约见 主办方 ： 任何 仪式 不得 影响 比赛", "text": "Hi ~ ~ 大家 好 ， 我 是 今天 给 大家 带来 文章 的 小编 ， 在 说 今天 的 精彩 赛事 之前 先给 大家 简单 的 说 一下 体育运动 的 好处 吧 ， 20 世纪 以来 ， 随着 全球化 的 发展 和 我国 体育事业 改革 的 推进 ， 各类 新兴 体育运动 开始 进入 人们 的 视野 。 1995 年 《 全民健身计划纲要 》 和 2011 年 《 全民健身计划 》 的 颁布实施 ， 使得 城乡居民 体育 健身 意识 进一步 增强 ， 参加 体育锻炼 的 人数 显著 增加 ， 掀起 了 全民健身 热潮 ， 同时 ， 城乡居民 对 体育运动 的 形式 和 内容 也 提出 了 新 的 要求 和 标准 ， 青少年 喜欢 追求 时尚 ， 当然 也 喜欢 追求 新 的 运动 项目 ， 新兴 体育运动 应运而生 。   体育锻炼 时 常常 要求 身体 完成 一些 比 日常生活 更为 复杂 的 任务 神经系   统 必须 为此 高度 发挥 出 自己 的 机能 来 适应 这些 任务 的 要求 。 锻炼 能 促进 血液循环 ， 改善 大脑 的 营养 供给 ， 增加 大脑 的 重量 和 大脑皮层 的 厚度 ， 为 提高 学习 提供 充沛 的 体力 和 精力 。 这 就是 增加 体育运动 的 好处 ， 让 我们 一起 开始 看 今天 的 精彩内容 吧 马拉松 递 国旗 事件 ， 中国田协 约见 主办方 ： 任何 仪式 不得 影响 比赛 最近 苏州 马拉松 递 国旗 事件 在 网上 闹 得 沸沸扬扬 ， 中国 马拉松 运动员 何引丽 在 与 非洲 选手 争夺 冠军 时 ， 有 志愿者 分别 两次 进入 赛道 递 国旗 ， 最后 何引丽 以 5 秒 之 差 夺得 亚军 。 此后 ， 志愿者 和 运动员 何引丽 被 推到 舆论 的 风口浪尖 。 北京时间 11 月 29 日 ， 中国田径协会 召开 “ 奔跑中国 ” 马拉松 系列赛 组委会 工作汇报 会 ， 要求 高度 高度重视 竞赛 组织 工作 、 严肃 赛风 赛纪 。 “ 奔跑中国 ” 马拉松 系列赛 还 将 举行 5 场 比赛 ， 国家体育总局 主任 水涛 在 会上 传达 了 中国田协 近日 发布 的 《 关于 进一步 规范 、 加强 全国 马拉松 赛事 竞赛 组织 管理 的 通知 》 ， 再次 强调 任何 仪式 和 活动 不得 影响 比赛 的 正常 进行 ， 不得 影响 选手 公平竞争 。 这次 会议 再次 表明 马拉松 递 国旗 事件 的 严重性 ， 这次 事件 引起 社会各界 广泛 关注 ， 马拉松 运营 方 智美 体育 集团 再次 打脸 ， 之前 还 拒绝 承认错误 ， 这次 会议 再次 说明 递 国旗 这样 的 做法 是 违反 体育 公平竞争 的 行为 ， 任何 仪式 和 活动 都 不得 影响 比赛 的 正常 进行 ， 这次 会议 对于 今年 余下 的 所有 马拉松 赛事 的 组委会 都 是 一次 重要 的 提醒 。 本次 太湖 马拉松赛 “ 递 国旗 ” 事件 给 运动员 何引丽 造成 了 很大 的 影响 ， 中国田协 表明 了 立场 ， 比赛 途中 递 国旗 的 行为 不对 ， 影响 了 选手 的 正常 发挥 。 这次 中国田协 再次 约见 “ 递 国旗 ” 赛事 主办方 ， 谈到 了 这次 竞赛活动 中 出现 的 违反 赛风 赛纪 的 问题 ， 给予 了 有关 部门 重要 的 提醒 ， 在 接下来 的 比赛 中 ， 要 杜绝 所有 违规 问题 出现 ， 强调 任何 仪式 和 活动 不得 影响 比赛 的 正常 进行 ， 不得 影响 选手 公平竞争 。 希望 这次 会议 ， 能够 给 以后 的 中国 马拉松比赛 敲响警钟 ！ 今天 的 精彩内容 到 这里 就 结束 啦 ， 小编 初来乍到 文笔 不是 很 好 ， 希望 各位 看官 大人 不要 跟 小编 斤斤计较 哦 ， 小编 很 想 跟 大家 一起 学习 进步 ， 如果 大家 对 我 的 文章 有 什么 看法 ， 欢迎 大家 在 下方 的 评论 区 跟 小编 提出 来 ， 及时 帮 我 修改 和 指正 ， 我 一定 会 在 大家 的 陪伴 和 纠正 的 情况 下 快速 提升 自己 ， 给 大家 带来 更好 的 作品 ， 小编 在 此 感谢 大家 啦 ！", "url": "['http://kuaibao.qq.com/s/20181130A0HUU100']", "v_text_features_mat": ["Hi ~ ~ 锻炼 能 促进 血液循环 ， 改善 大脑 的 营养 供给 ， 增加 大脑 的 重量 和 大脑皮层 的 厚度 ， 为 提高 学习 提供 充沛 的 体力 和 精力 。 今天 的 精彩内容 到 这里 就 结束 啦 ， 小编 初来乍到 文笔 不是 很 好 ， 希望 各位 看官 大人 不要 跟 小编 斤斤计较 哦 ， 小编 很 想 跟 大家 一起 学习 进步 ， 如果 大家 对 我 的 文章 有 什么 看法 ， 欢迎 大家 在 下方 的 评论 区 跟 小编 提出 来 ， 及时 帮 我 修改 和 指正 ， 我 一定 会 在 大家 的 陪伴 和 纠正 的 情况 下 快速 提升 自己 ， 给 大家 带来 更好 的 作品 ， 小编 在 此 感谢 大家 啦 ！", "1995 年 《 全民健身计划纲要 》 和 2011 年 《 全民健身计划 》 的 颁布实施 ， 使得 城乡居民 体育 健身 意识 进一步 增强 ， 参加 体育锻炼 的 人数 显著 增加 ， 掀起 了 全民健身 热潮 ， 同时 ， 城乡居民 对 体育运动 的 形式 和 内容 也 提出 了 新 的 要求 和 标准 ， 青少年 喜欢 追求 时尚 ， 当然 也 喜欢 追求 新 的 运动 项目 ， 新兴 体育运动 应运而生 。", "“ 奔跑中国 ” 马拉松 系列赛 还 将 举行 5 场 比赛 ， 国家体育总局 主任 水涛 在 会上 传达 了 中国田协 近日 发布 的 《 关于 进一步 规范 、 加强 全国 马拉松 赛事 竞赛 组织 管理 的 通知 》 ， 再次 强调 任何 仪式 和 活动 不得 影响 比赛 的 正常 进行 ， 不得 影响 选手 公平竞争 。 这次 会议 再次 表明 马拉松 递 国旗 事件 的 严重性 ， 这次 事件 引起 社会各界 广泛 关注 ， 马拉松 运营 方 智美 体育 集团 再次 打脸 ， 之前 还 拒绝 承认错误 ， 这次 会议 再次 说明 递 国旗 这样 的 做法 是 违反 体育 公平竞争 的 行为 ， 任何 仪式 和 活动 都 不得 影响 比赛 的 正常 进行 ， 这次 会议 对于 今年 余下 的 所有 马拉松 赛事 的 组委会 都 是 一次 重要 的 提醒 。 这 就是 增加 体育运动 的 好处 ， 让 我们 一起 开始 看 今天 的 精彩内容 吧 马拉松 递 国旗 事件 ， 中国田协 约见 主办方 ： 任何 仪式 不得 影响 比赛 最近 苏州 马拉松 递 国旗 事件 在 网上 闹 得 沸沸扬扬 ， 中国 马拉松 运动员 何引丽 在 与 非洲 选手 争夺 冠军 时 ， 有 志愿者 分别 两次 进入 赛道 递 国旗 ， 最后 何引丽 以 5 秒 之 差 夺得 亚军 。 北京时间 11 月 29 日 ， 中国田径协会 召开 “ 奔跑中国 ” 马拉松 系列赛 组委会 工作汇报 会 ， 要求 高度 高度重视 竞赛 组织 工作 、 严肃 赛风 赛纪 。", "“ 奔跑中国 ” 马拉松 系列赛 还 将 举行 5 场 比赛 ， 国家体育总局 主任 水涛 在 会上 传达 了 中国田协 近日 发布 的 《 关于 进一步 规范 、 加强 全国 马拉松 赛事 竞赛 组织 管理 的 通知 》 ， 再次 强调 任何 仪式 和 活动 不得 影响 比赛 的 正常 进行 ， 不得 影响 选手 公平竞争 。 大家 好 ， 我 是 今天 给 大家 带来 文章 的 小编 ， 在 说 今天 的 精彩 赛事 之前 先给 大家 简单 的 说 一下 体育运动 的 好处 吧 ， 20 世纪 以来 ， 随着 全球化 的 发展 和 我国 体育事业 改革 的 推进 ， 各类 新兴 体育运动 开始 进入 人们 的 视野 。 这次 中国田协 再次 约见 “ 递 国旗 ” 赛事 主办方 ， 谈到 了 这次 竞赛活动 中 出现 的 违反 赛风 赛纪 的 问题 ， 给予 了 有关 部门 重要 的 提醒 ， 在 接下来 的 比赛 中 ， 要 杜绝 所有 违规 问题 出现 ， 强调 任何 仪式 和 活动 不得 影响 比赛 的 正常 进行 ， 不得 影响 选手 公平竞争 。 这次 会议 再次 表明 马拉松 递 国旗 事件 的 严重性 ， 这次 事件 引起 社会各界 广泛 关注 ， 马拉松 运营 方 智美 体育 集团 再次 打脸 ， 之前 还 拒绝 承认错误 ， 这次 会议 再次 说明 递 国旗 这样 的 做法 是 违反 体育 公平竞争 的 行为 ， 任何 仪式 和 活动 都 不得 影响 比赛 的 正常 进行 ， 这次 会议 对于 今年 余下 的 所有 马拉松 赛事 的 组委会 都 是 一次 重要 的 提醒 。", "本次 太湖 马拉松赛 “ 递 国旗 ” 事件 给 运动员 何引丽 造成 了 很大 的 影响 ， 中国田协 表明 了 立场 ， 比赛 途中 递 国旗 的 行为 不对 ， 影响 了 选手 的 正常 发挥 。", "大家 好 ， 我 是 今天 给 大家 带来 文章 的 小编 ， 在 说 今天 的 精彩 赛事 之前 先给 大家 简单 的 说 一下 体育运动 的 好处 吧 ， 20 世纪 以来 ， 随着 全球化 的 发展 和 我国 体育事业 改革 的 推进 ， 各类 新兴 体育运动 开始 进入 人们 的 视野 。 1995 年 《 全民健身计划纲要 》 和 2011 年 《 全民健身计划 》 的 颁布实施 ， 使得 城乡居民 体育 健身 意识 进一步 增强 ， 参加 体育锻炼 的 人数 显著 增加 ， 掀起 了 全民健身 热潮 ， 同时 ， 城乡居民 对 体育运动 的 形式 和 内容 也 提出 了 新 的 要求 和 标准 ， 青少年 喜欢 追求 时尚 ， 当然 也 喜欢 追求 新 的 运动 项目 ， 新兴 体育运动 应运而生 。 这 就是 增加 体育运动 的 好处 ， 让 我们 一起 开始 看 今天 的 精彩内容 吧 马拉松 递 国旗 事件 ， 中国田协 约见 主办方 ： 任何 仪式 不得 影响 比赛 最近 苏州 马拉松 递 国旗 事件 在 网上 闹 得 沸沸扬扬 ， 中国 马拉松 运动员 何引丽 在 与 非洲 选手 争夺 冠军 时 ， 有 志愿者 分别 两次 进入 赛道 递 国旗 ， 最后 何引丽 以 5 秒 之 差 夺得 亚军 。", "这次 会议 再次 表明 马拉松 递 国旗 事件 的 严重性 ， 这次 事件 引起 社会各界 广泛 关注 ， 马拉松 运营 方 智美 体育 集团 再次 打脸 ， 之前 还 拒绝 承认错误 ， 这次 会议 再次 说明 递 国旗 这样 的 做法 是 违反 体育 公平竞争 的 行为 ， 任何 仪式 和 活动 都 不得 影响 比赛 的 正常 进行 ， 这次 会议 对于 今年 余下 的 所有 马拉松 赛事 的 组委会 都 是 一次 重要 的 提醒 。 北京时间 11 月 29 日 ， 中国田径协会 召开 “ 奔跑中国 ” 马拉松 系列赛 组委会 工作汇报 会 ， 要求 高度 高度重视 竞赛 组织 工作 、 严肃 赛风 赛纪 。", "本次 太湖 马拉松赛 “ 递 国旗 ” 事件 给 运动员 何引丽 造成 了 很大 的 影响 ， 中国田协 表明 了 立场 ， 比赛 途中 递 国旗 的 行为 不对 ， 影响 了 选手 的 正常 发挥 。 这 就是 增加 体育运动 的 好处 ， 让 我们 一起 开始 看 今天 的 精彩内容 吧 马拉松 递 国旗 事件 ， 中国田协 约见 主办方 ： 任何 仪式 不得 影响 比赛 最近 苏州 马拉松 递 国旗 事件 在 网上 闹 得 沸沸扬扬 ， 中国 马拉松 运动员 何引丽 在 与 非洲 选手 争夺 冠军 时 ， 有 志愿者 分别 两次 进入 赛道 递 国旗 ， 最后 何引丽 以 5 秒 之 差 夺得 亚军 。 此后 ， 志愿者 和 运动员 何引丽 被 推到 舆论 的 风口浪尖 。", "“ 奔跑中国 ” 马拉松 系列赛 还 将 举行 5 场 比赛 ， 国家体育总局 主任 水涛 在 会上 传达 了 中国田协 近日 发布 的 《 关于 进一步 规范 、 加强 全国 马拉松 赛事 竞赛 组织 管理 的 通知 》 ， 再次 强调 任何 仪式 和 活动 不得 影响 比赛 的 正常 进行 ， 不得 影响 选手 公平竞争 。 北京时间 11 月 29 日 ， 中国田径协会 召开 “ 奔跑中国 ” 马拉松 系列赛 组委会 工作汇报 会 ， 要求 高度 高度重视 竞赛 组织 工作 、 严肃 赛风 赛纪 。", "“ 奔跑中国 ” 马拉松 系列赛 还 将 举行 5 场 比赛 ， 国家体育总局 主任 水涛 在 会上 传达 了 中国田协 近日 发布 的 《 关于 进一步 规范 、 加强 全国 马拉松 赛事 竞赛 组织 管理 的 通知 》 ， 再次 强调 任何 仪式 和 活动 不得 影响 比赛 的 正常 进行 ， 不得 影响 选手 公平竞争 。 本次 太湖 马拉松赛 “ 递 国旗 ” 事件 给 运动员 何引丽 造成 了 很大 的 影响 ， 中国田协 表明 了 立场 ， 比赛 途中 递 国旗 的 行为 不对 ， 影响 了 选手 的 正常 发挥 。 这次 中国田协 再次 约见 “ 递 国旗 ” 赛事 主办方 ， 谈到 了 这次 竞赛活动 中 出现 的 违反 赛风 赛纪 的 问题 ， 给予 了 有关 部门 重要 的 提醒 ， 在 接下来 的 比赛 中 ， 要 杜绝 所有 违规 问题 出现 ， 强调 任何 仪式 和 活动 不得 影响 比赛 的 正常 进行 ， 不得 影响 选手 公平竞争 。 这 就是 增加 体育运动 的 好处 ， 让 我们 一起 开始 看 今天 的 精彩内容 吧 马拉松 递 国旗 事件 ， 中国田协 约见 主办方 ： 任何 仪式 不得 影响 比赛 最近 苏州 马拉松 递 国旗 事件 在 网上 闹 得 沸沸扬扬 ， 中国 马拉松 运动员 何引丽 在 与 非洲 选手 争夺 冠军 时 ， 有 志愿者 分别 两次 进入 赛道 递 国旗 ， 最后 何引丽 以 5 秒 之 差 夺得 亚军 。", "本次 太湖 马拉松赛 “ 递 国旗 ” 事件 给 运动员 何引丽 造成 了 很大 的 影响 ， 中国田协 表明 了 立场 ， 比赛 途中 递 国旗 的 行为 不对 ， 影响 了 选手 的 正常 发挥 。 这 就是 增加 体育运动 的 好处 ， 让 我们 一起 开始 看 今天 的 精彩内容 吧 马拉松 递 国旗 事件 ， 中国田协 约见 主办方 ： 任何 仪式 不得 影响 比赛 最近 苏州 马拉松 递 国旗 事件 在 网上 闹 得 沸沸扬扬 ， 中国 马拉松 运动员 何引丽 在 与 非洲 选手 争夺 冠军 时 ， 有 志愿者 分别 两次 进入 赛道 递 国旗 ， 最后 何引丽 以 5 秒 之 差 夺得 亚军 。 此后 ， 志愿者 和 运动员 何引丽 被 推到 舆论 的 风口浪尖 。", "1995 年 《 全民健身计划纲要 》 和 2011 年 《 全民健身计划 》 的 颁布实施 ， 使得 城乡居民 体育 健身 意识 进一步 增强 ， 参加 体育锻炼 的 人数 显著 增加 ， 掀起 了 全民健身 热潮 ， 同时 ， 城乡居民 对 体育运动 的 形式 和 内容 也 提出 了 新 的 要求 和 标准 ， 青少年 喜欢 追求 时尚 ， 当然 也 喜欢 追求 新 的 运动 项目 ， 新兴 体育运动 应运而生 。", "希望 这次 会议 ， 能够 给 以后 的 中国 马拉松比赛 敲响警钟 ！ 这 就是 增加 体育运动 的 好处 ， 让 我们 一起 开始 看 今天 的 精彩内容 吧 马拉松 递 国旗 事件 ， 中国田协 约见 主办方 ： 任何 仪式 不得 影响 比赛 最近 苏州 马拉松 递 国旗 事件 在 网上 闹 得 沸沸扬扬 ， 中国 马拉松 运动员 何引丽 在 与 非洲 选手 争夺 冠军 时 ， 有 志愿者 分别 两次 进入 赛道 递 国旗 ， 最后 何引丽 以 5 秒 之 差 夺得 亚军 。", "这次 会议 再次 表明 马拉松 递 国旗 事件 的 严重性 ， 这次 事件 引起 社会各界 广泛 关注 ， 马拉松 运营 方 智美 体育 集团 再次 打脸 ， 之前 还 拒绝 承认错误 ， 这次 会议 再次 说明 递 国旗 这样 的 做法 是 违反 体育 公平竞争 的 行为 ， 任何 仪式 和 活动 都 不得 影响 比赛 的 正常 进行 ， 这次 会议 对于 今年 余下 的 所有 马拉松 赛事 的 组委会 都 是 一次 重要 的 提醒 。 本次 太湖 马拉松赛 “ 递 国旗 ” 事件 给 运动员 何引丽 造成 了 很大 的 影响 ， 中国田协 表明 了 立场 ， 比赛 途中 递 国旗 的 行为 不对 ， 影响 了 选手 的 正常 发挥 。 这次 中国田协 再次 约见 “ 递 国旗 ” 赛事 主办方 ， 谈到 了 这次 竞赛活动 中 出现 的 违反 赛风 赛纪 的 问题 ， 给予 了 有关 部门 重要 的 提醒 ， 在 接下来 的 比赛 中 ， 要 杜绝 所有 违规 问题 出现 ， 强调 任何 仪式 和 活动 不得 影响 比赛 的 正常 进行 ， 不得 影响 选手 公平竞争 。 这 就是 增加 体育运动 的 好处 ， 让 我们 一起 开始 看 今天 的 精彩内容 吧 马拉松 递 国旗 事件 ， 中国田协 约见 主办方 ： 任何 仪式 不得 影响 比赛 最近 苏州 马拉松 递 国旗 事件 在 网上 闹 得 沸沸扬扬 ， 中国 马拉松 运动员 何引丽 在 与 非洲 选手 争夺 冠军 时 ， 有 志愿者 分别 两次 进入 赛道 递 国旗 ， 最后 何引丽 以 5 秒 之 差 夺得 亚军 。", "“ 奔跑中国 ” 马拉松 系列赛 还 将 举行 5 场 比赛 ， 国家体育总局 主任 水涛 在 会上 传达 了 中国田协 近日 发布 的 《 关于 进一步 规范 、 加强 全国 马拉松 赛事 竞赛 组织 管理 的 通知 》 ， 再次 强调 任何 仪式 和 活动 不得 影响 比赛 的 正常 进行 ， 不得 影响 选手 公平竞争 。 本次 太湖 马拉松赛 “ 递 国旗 ” 事件 给 运动员 何引丽 造成 了 很大 的 影响 ， 中国田协 表明 了 立场 ， 比赛 途中 递 国旗 的 行为 不对 ， 影响 了 选手 的 正常 发挥 。 这次 中国田协 再次 约见 “ 递 国旗 ” 赛事 主办方 ， 谈到 了 这次 竞赛活动 中 出现 的 违反 赛风 赛纪 的 问题 ， 给予 了 有关 部门 重要 的 提醒 ， 在 接下来 的 比赛 中 ， 要 杜绝 所有 违规 问题 出现 ， 强调 任何 仪式 和 活动 不得 影响 比赛 的 正常 进行 ， 不得 影响 选手 公平竞争 。 这 就是 增加 体育运动 的 好处 ， 让 我们 一起 开始 看 今天 的 精彩内容 吧 马拉松 递 国旗 事件 ， 中国田协 约见 主办方 ： 任何 仪式 不得 影响 比赛 最近 苏州 马拉松 递 国旗 事件 在 网上 闹 得 沸沸扬扬 ， 中国 马拉松 运动员 何引丽 在 与 非洲 选手 争夺 冠军 时 ， 有 志愿者 分别 两次 进入 赛道 递 国旗 ， 最后 何引丽 以 5 秒 之 差 夺得 亚军 。", "1995 年 《 全民健身计划纲要 》 和 2011 年 《 全民健身计划 》 的 颁布实施 ， 使得 城乡居民 体育 健身 意识 进一步 增强 ， 参加 体育锻炼 的 人数 显著 增加 ， 掀起 了 全民健身 热潮 ， 同时 ， 城乡居民 对 体育运动 的 形式 和 内容 也 提出 了 新 的 要求 和 标准 ， 青少年 喜欢 追求 时尚 ， 当然 也 喜欢 追求 新 的 运动 项目 ， 新兴 体育运动 应运而生 。", "1995 年 《 全民健身计划纲要 》 和 2011 年 《 全民健身计划 》 的 颁布实施 ， 使得 城乡居民 体育 健身 意识 进一步 增强 ， 参加 体育锻炼 的 人数 显著 增加 ， 掀起 了 全民健身 热潮 ， 同时 ， 城乡居民 对 体育运动 的 形式 和 内容 也 提出 了 新 的 要求 和 标准 ， 青少年 喜欢 追求 时尚 ， 当然 也 喜欢 追求 新 的 运动 项目 ， 新兴 体育运动 应运而生 。 体育锻炼 时 常常 要求 身体 完成 一些 比 日常生活 更为 复杂 的 任务 神经系 统 必须 为此 高度 发挥 出 自己 的 机能 来 适应 这些 任务 的 要求 。", "马拉松 递 国旗 事件 ， 中国田协 约见 主办方 ： 任何 仪式 不得 影响 比赛"], "v_names": ["", "全民健身计划纲要", "马拉松", "赛事", "马拉松赛", "体育运动", "组委会", "何引丽", "奔跑中国", "选手", "运动员", "全民健身计划", "中国", "国旗", "中国田协", "城乡居民", "体育锻炼", "_TITLE_"], "g_vertices_betweenness_vec": [0.7720588235294118, 0.05147058823529411, 0.0, 0.0, 0.0, 0.0, 0.0, 0.0, 0.022058823529411763, 0.0, 0.0, 0.05147058823529411, 0.0, 0.0, 0.0, 0.05147058823529411, 0.11029411764705882, 0.0], "g_vertices_pagerank_vec": [0.010627340761592297, 0.04568218622822651, 0.0699519112034066, 0.06076558463438275, 0.04564540274742962, 0.0740625014639426, 0.051182257737006714, 0.0649582088841831, 0.04248737861722317, 0.07173575709329973, 0.0649582088841831, 0.04568218622822651, 0.06579497923892438, 0.0715773795378465, 0.07173575709329973, 0.04568218622822651, 0.04191521786304435, 0.008333333333333335], "g_vertices_katz_vec": [0.22284927060401882, 0.23167547112395048, 0.24147300924107723, 0.2384589594003324, 0.234236426424089, 0.2409389206868213, 0.23576136122854124, 0.2399977999559674, 0.23308724510877832, 0.24211651986702407, 0.2399977999559674, 0.23167547112395048, 0.2401170619373982, 0.24208015593801305, 0.24211651986702407, 0.23167547112395048, 0.23076011800262464, 0.22218561458309322], "adj_mat_numsent": [[1.0, 0.0, 0.0, 0.0, 0.0, 0.0, 0.0, 0.0, 0.0, 0.0, 0.0, 0.0, 0.0, 0.0, 0.0, 0.0, 0.0, 0.0], [0.0, 1.0, 0.0, 0.0, 0.0, 1.0, 0.0, 0.0, 0.0, 0.0, 0.0, 1.0, 0.0, 0.0, 0.0, 1.0, 1.0, 0.0], [0.0, 0.0, 1.0, 2.0, 0.0, 1.0, 2.0, 1.0, 2.0, 2.0, 1.0, 0.0, 1.0, 2.0, 2.0, 0.0, 0.0, 0.0], [0.0, 0.0, 2.0, 1.0, 0.0, 1.0, 1.0, 0.0, 1.0, 2.0, 0.0, 0.0, 0.0, 2.0, 2.0, 0.0, 0.0, 0.0], [0.0, 0.0, 0.0, 0.0, 1.0, 0.0, 0.0, 1.0, 0.0, 1.0, 1.0, 0.0, 0.0, 1.0, 1.0, 0.0, 0.0, 0.0], [0.0, 1.0, 1.0, 1.0, 0.0, 1.0, 0.0, 1.0, 0.0, 1.0, 1.0, 1.0, 1.0, 1.0, 1.0, 1.0, 1.0, 0.0], [0.0, 0.0, 2.0, 1.0, 0.0, 0.0, 1.0, 0.0, 1.0, 0.0, 0.0, 0.0, 0.0, 1.0, 0.0, 0.0, 0.0, 0.0], [0.0, 0.0, 1.0, 0.0, 1.0, 1.0, 0.0, 1.0, 0.0, 2.0, 3.0, 0.0, 1.0, 2.0, 2.0, 0.0, 0.0, 0.0], [0.0, 0.0, 2.0, 1.0, 0.0, 0.0, 1.0, 0.0, 1.0, 1.0, 0.0, 0.0, 0.0, 0.0, 1.0, 0.0, 0.0, 0.0], [0.0, 0.0, 2.0, 2.0, 1.0, 1.0, 0.0, 2.0, 1.0, 1.0, 2.0, 0.0, 1.0, 3.0, 4.0, 0.0, 0.0, 0.0], [0.0, 0.0, 1.0, 0.0, 1.0, 1.0, 0.0, 3.0, 0.0, 2.0, 1.0, 0.0, 1.0, 2.0, 2.0, 0.0, 0.0, 0.0], [0.0, 1.0, 0.0, 0.0, 0.0, 1.0, 0.0, 0.0, 0.0, 0.0, 0.0, 1.0, 0.0, 0.0, 0.0, 1.0, 1.0, 0.0], [0.0, 0.0, 1.0, 0.0, 0.0, 1.0, 0.0, 1.0, 0.0, 1.0, 1.0, 0.0, 1.0, 1.0, 1.0, 0.0, 0.0, 0.0], [0.0, 0.0, 2.0, 2.0, 1.0, 1.0, 1.0, 2.0, 0.0, 3.0, 2.0, 0.0, 1.0, 1.0, 3.0, 0.0, 0.0, 0.0], [0.0, 0.0, 2.0, 2.0, 1.0, 1.0, 0.0, 2.0, 1.0, 4.0, 2.0, 0.0, 1.0, 3.0, 1.0, 0.0, 0.0, 0.0], [0.0, 1.0, 0.0, 0.0, 0.0, 1.0, 0.0, 0.0, 0.0, 0.0, 0.0, 1.0, 0.0, 0.0, 0.0, 1.0, 1.0, 0.0], [0.0, 1.0, 0.0, 0.0, 0.0, 1.0, 0.0, 0.0, 0.0, 0.0, 0.0, 1.0, 0.0, 0.0, 0.0, 1.0, 1.0, 0.0], [0.0, 0.0, 0.0, 0.0, 0.0, 0.0, 0.0, 0.0, 0.0, 0.0, 0.0, 0.0, 0.0, 0.0, 0.0, 0.0, 0.0, 1.0]], "adj_mat_tfidf": [[1.0, 0.023077479232982537, 0.012494704452602638, 0.019110809663304824, 0.0, 0.05298018216309473, 0.0, 0.01824382427500033, 0.0, 0.013686305374010152, 0.01824382427500033, 0.023077479232982537, 0.02992197238817063, 0.012143087384835997, 0.013686305374010152, 0.023077479232982537, 0.019406239463117668, 0.0], [0.023077479232982537, 1.0, 0.057272889892241254, 0.10263071475283927, 0.0, 0.655592110337181, 0.033978595012846384, 0.047471857089438414, 0.020898804862607413, 0.04278922035492348, 0.047471857089438414, 1.0, 0.07183736240617014, 0.04647755519408899, 0.04278922035492348, 1.0, 0.8638503055822768, 0.0], [0.012494704452602638, 0.057272889892241254, 1.0, 0.8202174467241203, 0.34648624353708973, 0.5220838670342526, 0.8521232923604722, 0.6445485083916024, 0.733205738439307, 0.8313368162347008, 0.6445485083916024, 0.057272889892241254, 0.7466225281095077, 0.8592061904814783, 0.8313368162347008, 0.057272889892241254, 0.0545901157134118, 0.0], [0.019110809663304824, 0.10263071475283927, 0.8202174467241203, 1.0, 0.2370455550882943, 0.4696006826047301, 0.744755721798998, 0.3769365291796432, 0.6272136658079729, 0.7493750163046243, 0.3769365291796432, 0.10263071475283927, 0.4675245236136449, 0.7771433475452039, 0.7493750163046243, 0.10263071475283927, 0.08252163937626275, 0.0], [0.0, 0.0, 0.34648624353708973, 0.2370455550882943, 1.0, 0.29648695047773915, 0.19339091596364405, 0.7536653682278595, 0.0741793893930943, 0.6264498007004122, 0.7536653682278595, 0.0, 0.46247545166083653, 0.6239384480324356, 0.6264498007004122, 0.0, 0.014620144107590874, 0.0], [0.05298018216309473, 0.655592110337181, 0.5220838670342526, 0.4696006826047301, 0.29648695047773915, 1.0, 0.2761004156668769, 0.6164642562735905, 0.1928896056986262, 0.5541674809565692, 0.6164642562735905, 0.655592110337181, 0.6830376957300948, 0.5507180300919838, 0.5541674809565692, 0.655592110337181, 0.5579184875984831, 0.0], [0.0, 0.033978595012846384, 0.8521232923604722, 0.744755721798998, 0.19339091596364405, 0.2761004156668769, 1.0, 0.3293308415105736, 0.6309365979810824, 0.5147474525576027, 0.3293308415105736, 0.033978595012846384, 0.43677000054757614, 0.7002715954441485, 0.5147474525576027, 0.033978595012846384, 0.043255018547702244, 0.0], [0.01824382427500033, 0.047471857089438414, 0.6445485083916024, 0.3769365291796432, 0.7536653682278595, 0.6164642562735905, 0.3293308415105736, 1.0, 0.20422009390047569, 0.812219098934738, 1.0000000000000002, 0.047471857089438414, 0.8773933690564322, 0.8024171187971583, 0.812219098934738, 0.047471857089438414, 0.04374919779189612, 0.0], [0.0, 0.020898804862607413, 0.733205738439307, 0.6272136658079729, 0.0741793893930943, 0.1928896056986262, 0.6309365979810824, 0.20422009390047569, 1.0, 0.5623206409590055, 0.20422009390047569, 0.020898804862607413, 0.26620475437786645, 0.388087182552754, 0.5623206409590055, 0.020898804862607413, 0.03568917233095459, 0.0], [0.013686305374010152, 0.04278922035492348, 0.8313368162347008, 0.7493750163046243, 0.6264498007004122, 0.5541674809565692, 0.5147474525576027, 0.812219098934738, 0.5623206409590055, 1.0, 0.812219098934738, 0.04278922035492348, 0.7805646727103794, 0.9082321893959313, 1.0000000000000002, 0.04278922035492348, 0.038590410944484135, 0.0], [0.01824382427500033, 0.047471857089438414, 0.6445485083916024, 0.3769365291796432, 0.7536653682278595, 0.6164642562735905, 0.3293308415105736, 1.0000000000000002, 0.20422009390047569, 0.812219098934738, 1.0, 0.047471857089438414, 0.8773933690564322, 0.8024171187971583, 0.812219098934738, 0.047471857089438414, 0.04374919779189612, 0.0], [0.023077479232982537, 1.0, 0.057272889892241254, 0.10263071475283927, 0.0, 0.655592110337181, 0.033978595012846384, 0.047471857089438414, 0.020898804862607413, 0.04278922035492348, 0.047471857089438414, 1.0, 0.07183736240617014, 0.04647755519408899, 0.04278922035492348, 1.0, 0.8638503055822768, 0.0], [0.02992197238817063, 0.07183736240617014, 0.7466225281095077, 0.4675245236136449, 0.46247545166083653, 0.6830376957300948, 0.43677000054757614, 0.8773933690564322, 0.26620475437786645, 0.7805646727103794, 0.8773933690564322, 0.07183736240617014, 1.0, 0.8030502338287102, 0.7805646727103794, 0.07183736240617014, 0.0577618204111734, 0.0], [0.012143087384835997, 0.04647755519408899, 0.8592061904814783, 0.7771433475452039, 0.6239384480324356, 0.5507180300919838, 0.7002715954441485, 0.8024171187971583, 0.388087182552754, 0.9082321893959313, 0.8024171187971583, 0.04647755519408899, 0.8030502338287102, 1.0, 0.9082321893959313, 0.04647755519408899, 0.04108416517264999, 0.0], [0.013686305374010152, 0.04278922035492348, 0.8313368162347008, 0.7493750163046243, 0.6264498007004122, 0.5541674809565692, 0.5147474525576027, 0.812219098934738, 0.5623206409590055, 1.0000000000000002, 0.812219098934738, 0.04278922035492348, 0.7805646727103794, 0.9082321893959313, 1.0, 0.04278922035492348, 0.038590410944484135, 0.0], [0.023077479232982537, 1.0, 0.057272889892241254, 0.10263071475283927, 0.0, 0.655592110337181, 0.033978595012846384, 0.047471857089438414, 0.020898804862607413, 0.04278922035492348, 0.047471857089438414, 1.0, 0.07183736240617014, 0.04647755519408899, 0.04278922035492348, 1.0, 0.8638503055822768, 0.0], [0.019406239463117668, 0.8638503055822768, 0.0545901157134118, 0.08252163937626275, 0.014620144107590874, 0.5579184875984831, 0.043255018547702244, 0.04374919779189612, 0.03568917233095459, 0.038590410944484135, 0.04374919779189612, 0.8638503055822768, 0.0577618204111734, 0.04108416517264999, 0.038590410944484135, 0.8638503055822768, 1.0, 0.0], [0.0, 0.0, 0.0, 0.0, 0.0, 0.0, 0.0, 0.0, 0.0, 0.0, 0.0, 0.0, 0.0, 0.0, 0.0, 0.0, 0.0, 1.0]]}